list(type = "NONMEM", method = c("ITS", "SAEM", "IMP"), termination_info = c("    OPTIMIZATION WAS NOT TESTED FOR CONVERGENCE\n", 
"    STOCHASTIC PORTION WAS NOT TESTED FOR CONVERGENCE\n    REDUCED STOCHASTIC PORTION WAS COMPLETED\n", 
"    EXPECTATION ONLY PROCESS COMPLETED\n"), path = structure("projs/NONCL", class = "IQRnlmeProject", absProjectPath = "/IQDESKTOP/SHARE/bi/michor/projs/NONCL", absModelPath = "/IQDESKTOP/SHARE/bi/michor/projs/NONCL/model.txt", absDataPath = "/IQDESKTOP/SHARE/bi/michor/data/biExport.csv"), 
    parameters = list(names = c("CL", "Vc", "Q1", "Vp1", "omega2(CL)", 
    "omega2(Vc)", "omega2(Q1)", "omega2(Vp1)", "error_PROP1"), 
        FLAGestimated = c(1, 1, 1, 1, 1, 1, 1, 1, 1), transformation = c("exp(phi)", 
        "exp(phi)", "exp(phi)", "exp(phi)", "", "", "", "", ""
        ), values = c(-1.30033905549244, 1.76888357655477, -4.48909439952877, 
        2.68951704096076, 0.14337711515664, 0.0280472300134482, 
        1.23413723893055, 0.263099205686244, 0.481467762091147
        ), stderrors = c(0.0528092310218147, 0.0571257006388313, 
        0.471940713536281, 0.881412066835307, 0.0397632613501641, 
        0.0253663262257564, 0.152070732098169, 0.613387505198648, 
        0.0371040081237768), correlationmatrix = structure(c(1, 
        0.203572169924151, -0.195639282589989, -0.242067887893278, 
        -0.0283402692155429, 0.0915910597736875, 0.0904385901791973, 
        -0.279426447976034, 0.177776860046782, 0.203572169924151, 
        1, 0.0534145024655165, -0.00808330663149558, -0.00958153814791369, 
        0.248664360046475, -0.0648682074705253, -0.0928340834796117, 
        0.572708993144163, -0.195639282589989, 0.0534145024655165, 
        1, 0.92505898976888, 0.17234616298752, 0.13659381000887, 
        -0.685457367746904, 0.847708436252115, -0.0235764249875532, 
        -0.242067887893278, -0.00808330663149558, 0.92505898976888, 
        1, 0.286380102701431, 0.228989846110316, -0.64489177568256, 
        0.925090732684849, -0.239898146793472, -0.0283402692155429, 
        -0.00958153814791369, 0.17234616298752, 0.286380102701431, 
        1, 0.300331600072453, -0.0852644620662157, 0.185948925613528, 
        -0.352394256430049, 0.0915910597736875, 0.248664360046475, 
        0.13659381000887, 0.228989846110316, 0.300331600072453, 
        1, -0.0770053007902402, 0.196821130550978, -0.35089544081928, 
        0.0904385901791973, -0.0648682074705253, -0.685457367746904, 
        -0.64489177568256, -0.0852644620662157, -0.0770053007902402, 
        1, -0.581512305963506, -0.0424416366139728, -0.279426447976034, 
        -0.0928340834796117, 0.847708436252115, 0.925090732684849, 
        0.185948925613528, 0.196821130550978, -0.581512305963506, 
        1, -0.281484159687467, 0.177776860046782, 0.572708993144163, 
        -0.0235764249875532, -0.239898146793472, -0.352394256430049, 
        -0.35089544081928, -0.0424416366139728, -0.281484159687467, 
        1), .Dim = c(9L, 9L), .Dimnames = list(c("THETA1", "THETA2", 
        "THETA3", "THETA4", "OMEGA_1,1_", "OMEGA_2,2_", "OMEGA_3,3_", 
        "OMEGA_4,4_", "SIGMA_1,1_"), c("THETA1", "THETA2", "THETA3", 
        "THETA4", "OMEGA_1,1_", "OMEGA_2,2_", "OMEGA_3,3_", "OMEGA_4,4_", 
        "SIGMA_1,1_"))), covariancematrix = structure(c(0.00278881488111539, 
        0.000614129259244253, -0.00487588383196246, -0.0112674597749851, 
        -4.50677345140014e-05, 4.10956150756173e-05, 0.00161369327120493, 
        -0.00928543048257201, 0.000335430932890451, 0.000614129259244253, 
        0.00326334567347738, 0.00144005199102509, -0.000407004850639931, 
        -1.64823330311168e-05, 0.00012069176572353, -0.0012520474775234, 
        -0.00333705744676415, 0.00116891673858926, -0.00487588383196246, 
        0.00144005199102509, 0.222728037093135, 0.384800709985375, 
        0.0024492943238967, 0.000547710442246079, -0.109301281675447, 
        0.251743716399522, -0.000397542378226984, -0.0112674597749851, 
        -0.000407004850639931, 0.384800709985375, 0.776887231562888, 
        0.00760105271726809, 0.00171485646180737, -0.192053926710458, 
        0.513083456031942, -0.0075548164989314, -4.50677345140014e-05, 
        -1.64823330311168e-05, 0.0024492943238967, 0.00760105271726809, 
        0.000906783949901122, 7.68396714598857e-05, -0.000867515672635492, 
        0.00352346753973853, -0.000379139269333065, 4.10956150756173e-05, 
        0.00012069176572353, 0.000547710442246079, 0.00171485646180737, 
        7.68396714598857e-05, 7.21880173976908e-05, -0.000221060190336722, 
        0.00105227431172696, -0.000106519303442498, 0.00161369327120493, 
        -0.0012520474775234, -0.109301281675447, -0.192053926710458, 
        -0.000867515672635492, -0.000221060190336722, 0.114160200200174, 
        -0.123634865233448, -0.00051235091795131, -0.00928543048257201, 
        -0.00333705744676415, 0.251743716399522, 0.513083456031942, 
        0.00352346753973853, 0.00105227431172696, -0.123634865233448, 
        0.39595823384232, -0.00632844025880513, 0.000335430932890451, 
        0.00116891673858926, -0.000397542378226984, -0.0075548164989314, 
        -0.000379139269333065, -0.000106519303442498, -0.00051235091795131, 
        -0.00632844025880513, 0.00127654482792177), .Dim = c(9L, 
        9L), .Dimnames = list(c("THETA1", "THETA2", "THETA3", 
        "THETA4", "OMEGA_1,1_", "OMEGA_2,2_", "OMEGA_3,3_", "OMEGA_4,4_", 
        "SIGMA_1,1_"), c("THETA1", "THETA2", "THETA3", "THETA4", 
        "OMEGA_1,1_", "OMEGA_2,2_", "OMEGA_3,3_", "OMEGA_4,4_", 
        "SIGMA_1,1_")))), residualerrormodels = "rel", trans_randeffects = c("exp(phi)", 
    "exp(phi)", "exp(phi)", "exp(phi)"), inv_trans_randeffects = c("log(psi)", 
    "log(psi)", "log(psi)", "log(psi)"), rawParameterInfo = list(
        fixedEffects = list(names = c("CL", "Vc", "Q1", "Vp1"
        ), trans = c("", "", "", ""), invtrans = c("", "", "", 
        ""), estimated = c(1, 1, 1, 1), values = c(0.27243940529589, 
        5.8643026604049, 0.0112308098323933, 14.7245628421946
        ), stderr = c(0.0143873154937165, 0.335002398233793, 
        0.00530027640588997, 12.9784073679851), rse = c(5.28092310218147, 
        5.71257006388313, 47.1940713536281, 88.1412066835307), 
            distribution_info = c("log(psi)", "log(psi)", "log(psi)", 
            "log(psi)")), randomEffects = list(names = c("omega(CL)", 
        "omega(Vc)", "omega(Q1)", "omega(Vp1)"), estimated = c(1, 
        1, 1, 1), values = c(0.378651706924239, 0.167473072502562, 
        1.1109172961704, 0.512931969842244), stderr = c(0.0397632613501641, 
        0.0253663262257564, 0.152070732098169, 0.613387505198648
        ), rse = c(10.5012761392675, 15.1465103295149, 13.6887536653173, 
        119.584572860081)), correlation = list(names = character(0), 
            stderr = logical(0), rse = logical(0)), covariate = list(
            names = character(0), stderr = logical(0), rse = logical(0)), 
        errorParameter = list(names = "error_PROP1", values = 0.481467762091147, 
            stderr = 0.0371040081237768, estimated = 1, rse = 7.70643665997987), 
        fixedEffects_transformed = list(names = c("CL", "Vc", 
        "Q1", "Vp1"), trans = c("exp(phi)", "exp(phi)", "exp(phi)", 
        "exp(phi)"), invtrans = c("log(psi)", "log(psi)", "log(psi)", 
        "log(psi)"), estimated = c(1, 1, 1, 1), values = c(-1.30033905549244, 
        1.76888357655477, -4.48909439952877, 2.68951704096076
        ), stderr = c(0.0528092310218147, 0.0571257006388313, 
        0.471940713536281, 0.881412066835307), rse = c(4.06118933356314, 
        3.22947769971919, 10.513049437896, 32.7721317028892), 
            distribution_info = c("log(psi)", "log(psi)", "log(psi)", 
            "log(psi)")), randomEffectsIOV = list(stderr = logical(0), 
            rse = logical(0))), PROJECTINFO = list(COMMENT = "BiExp CL NONMEM version", 
        TOOL = "NONMEM", TOOLVERSION = "NM743", FILE = "project.nmctl", 
        METHOD = c("ITS", "SAEM", "IMP"), DATA = "../../data/biExport.csv", 
        DOSINGTYPES = "BOLUS", TK0NAMES = "NA", COVNAMES = "", 
        CATNAMES = "", REGRESSIONNAMES = "", OUTPUTS = "Cc", 
        ERRORMODELS = "rel", ERRORNAMES = "error_PROP1", PARAMNAMES = c("CL", 
        "Vc", "Q1", "Vp1"), PARAMTRANS = c("exp(phi)", "exp(phi)", 
        "exp(phi)", "exp(phi)"), PARAMINVTRANS = c("log(psi)", 
        "log(psi)", "log(psi)", "log(psi)"), COVARIATENAMES = "", 
        COVARIATESUSED = "", BETACOVNAMES = "", BETACOVTRANS = "", 
        BETACATNAMES = "", BETACATREFERENCE = "", BETACATCATEGORIES = "", 
        THETANAMES = c("CL", "Vc", "Q1", "Vp1"), THETAESTIMATE = c("1", 
        "1", "1", "1"), ETANAMES = c("omega(CL)", "omega(Vc)", 
        "omega(Q1)", "omega(Vp1)"), ETAESTIMATE = c("1", "1", 
        "1", "1"), CORRELATIONNAMES = "", CORRESTIMATE = "", 
        IOVOCCASIONS = "", IOVPARAMETERS = "", IOVETANAMES = "", 
        IOVETAINDICES = "", IOVETANAMESALL = "", IOVETAINDICESALL = "", 
        NROBSERVATIONS = "435", NRPARAM_ESTIMATED = "9", RESIDUAL_NAMES_USED = c("XPRED", 
        "XRES", "XWRES"), RESIDUAL_NAMES_ORIG = c("EPRED", "ERES", 
        "EWRES")), objectivefunction = list(OBJ = 1052.31455317084, 
        AIC = 1070.31455317084, BIC = 1106.99266745064))
