list(type = "NONMEM", method = c("ITS", "SAEM", "IMP"), termination_info = c("    OPTIMIZATION WAS NOT TESTED FOR CONVERGENCE\n", 
"    STOCHASTIC PORTION WAS NOT TESTED FOR CONVERGENCE\n    REDUCED STOCHASTIC PORTION WAS COMPLETED\n", 
"    EXPECTATION ONLY PROCESS COMPLETED\n"), path = structure("projs/NONK", class = "IQRnlmeProject", absProjectPath = "/IQDESKTOP/SHARE/projs/NONK", absModelPath = "/IQDESKTOP/SHARE/projs/NONK/model.txt", absDataPath = "/IQDESKTOP/SHARE/data/biExport.csv"), 
    parameters = list(names = c("Vc", "Ke", "Kpc", "Kcp", "omega2(Vc)", 
    "omega2(Ke)", "omega2(Kpc)", "omega2(Kcp)", "error_PROP1"
    ), FLAGestimated = c(1, 1, 1, 1, 1, 1, 1, 1, 1), transformation = c("exp(phi)", 
    "exp(phi)", "exp(phi)", "exp(phi)", "", "", "", "", ""), 
        values = c(3.21245919141082, -0.442871250377648, -4.11917235326905, 
        -4.26470653385129, 3.42220690385282, 0.302565175191561, 
        2.40055961782501, 4.36969457245028, 0.862518934413832
        ), stderrors = c(1.20737583316627, 0.258159444242612, 
        0.688995111633364, 1.03208989835189, 0.689527309061722, 
        0.135934483247718, 0.857463056138293, 0.627182870998561, 
        0.0742952471029227), correlationmatrix = structure(c(1, 
        0.768521085942223, -0.249631003422749, -0.417520758938702, 
        -0.143439619735733, -0.01955223699704, 0.244752614286435, 
        0.419605016062732, 0.36874289984802, 0.768521085942223, 
        1, -0.0602976834171561, -0.47921527177156, 0.0662159601822548, 
        0.0838874911040494, -0.0132383716544317, 0.182184651102029, 
        0.534020883377627, -0.249631003422749, -0.0602976834171561, 
        1, -0.260293644664783, 0.450876072896822, -0.0872713004758371, 
        -0.127851845247568, -0.505901364028355, 0.164488428627435, 
        -0.417520758938702, -0.47921527177156, -0.260293644664783, 
        1, 0.0521842010670887, -0.0695416197388127, 0.11966838121563, 
        0.271725763465204, -0.58653035533229, -0.143439619735733, 
        0.0662159601822548, 0.450876072896822, 0.0521842010670887, 
        1, -0.43041303917256, -0.592578379738751, -0.626946439309962, 
        0.377463442026265, -0.01955223699704, 0.0838874911040494, 
        -0.0872713004758371, -0.0695416197388127, -0.43041303917256, 
        1, 0.34725676858572, 0.0968447993486407, -0.0857039877985711, 
        0.244752614286435, -0.0132383716544317, -0.127851845247568, 
        0.11966838121563, -0.592578379738751, 0.34725676858572, 
        1, 0.419558710632786, -0.490810161429825, 0.419605016062732, 
        0.182184651102029, -0.505901364028355, 0.271725763465204, 
        -0.626946439309962, 0.0968447993486407, 0.419558710632786, 
        1, -0.460734893772586, 0.36874289984802, 0.534020883377627, 
        0.164488428627435, -0.58653035533229, 0.377463442026265, 
        -0.0857039877985711, -0.490810161429825, -0.460734893772586, 
        1), .Dim = c(9L, 9L), .Dimnames = list(c("THETA1", "THETA2", 
        "THETA3", "THETA4", "OMEGA_1,1_", "OMEGA_2,2_", "OMEGA_3,3_", 
        "OMEGA_4,4_", "SIGMA_1,1_"), c("THETA1", "THETA2", "THETA3", 
        "THETA4", "OMEGA_1,1_", "OMEGA_2,2_", "OMEGA_3,3_", "OMEGA_4,4_", 
        "SIGMA_1,1_"))), covariancematrix = structure(c(1.45775640251395, 
        0.239544544224902, -0.207662052324932, -0.52028113552325, 
        -0.441820845577163, -0.00353027093989718, 0.785184068918005, 
        1.32841226156123, 0.0570592173413918, 0.239544544224902, 
        0.0666462986516544, -0.0107251848328712, -0.12768391625663, 
        0.0436099207046224, 0.00323857776197313, -0.00908080287188896, 
        0.123324546840938, 0.0176687539588026, -0.207662052324932, 
        -0.0107251848328712, 0.474714263854672, -0.185096084788402, 
        0.792515797466759, -0.00899200820468949, -0.234058707415122, 
        -0.913969528273751, 0.0145248333166152, -0.52028113552325, 
        -0.12768391625663, -0.185096084788402, 1.06520955828001, 
        0.137401402192252, -0.0107332547047701, 0.328169794335605, 
        0.735356728650993, -0.0775831994991183, -0.441820845577163, 
        0.0436099207046224, 0.792515797466759, 0.137401402192252, 
        6.50832447930225, -0.164206038699167, -4.01681714350706, 
        -4.19386806913042, 0.123415344313863, -0.00353027093989718, 
        0.00323857776197313, -0.00899200820468949, -0.0107332547047701, 
        -0.164206038699167, 0.022363419597006, 0.137981698618851, 
        0.0379747685405094, -0.00164259236979507, 0.785184068918005, 
        -0.00908080287188896, -0.234058707415122, 0.328169794335605, 
        -4.01681714350706, 0.137981698618851, 7.05997758947715, 
        2.92310306912985, -0.167137873213486, 1.32841226156123, 
        0.123324546840938, -0.913969528273751, 0.735356728650993, 
        -4.19386806913042, 0.0379747685405094, 2.92310306912985, 
        6.87542345230897, -0.15483191854919, 0.0570592173413918, 
        0.0176687539588026, 0.0145248333166152, -0.0775831994991183, 
        0.123415344313863, -0.00164259236979507, -0.167137873213486, 
        -0.15483191854919, 0.0164255276511559), .Dim = c(9L, 
        9L), .Dimnames = list(c("THETA1", "THETA2", "THETA3", 
        "THETA4", "OMEGA_1,1_", "OMEGA_2,2_", "OMEGA_3,3_", "OMEGA_4,4_", 
        "SIGMA_1,1_"), c("THETA1", "THETA2", "THETA3", "THETA4", 
        "OMEGA_1,1_", "OMEGA_2,2_", "OMEGA_3,3_", "OMEGA_4,4_", 
        "SIGMA_1,1_")))), residualerrormodels = "rel", trans_randeffects = c("exp(phi)", 
    "exp(phi)", "exp(phi)", "exp(phi)"), inv_trans_randeffects = c("log(psi)", 
    "log(psi)", "log(psi)", "log(psi)"), rawParameterInfo = list(
        fixedEffects = list(names = c("Vc", "Ke", "Kpc", "Kcp"
        ), trans = c("", "", "", ""), invtrans = c("", "", "", 
        ""), estimated = c(1, 1, 1, 1), values = c(24.8400977293356, 
        0.642189883470379, 0.0162579647264978, 0.0140559914855251
        ), stderr = c(29.9913336918882, 0.165787383414941, 0.0112016582216647, 
        0.0145070468235306), rse = c(120.737583316627, 25.8159444242612, 
        68.8995111633364, 103.208989835189), distribution_info = c("log(psi)", 
        "log(psi)", "log(psi)", "log(psi)")), randomEffects = list(
            names = c("omega(Vc)", "omega(Ke)", "omega(Kpc)", 
            "omega(Kcp)"), estimated = c(1, 1, 1, 1), values = c(1.84992078312906, 
            0.550059246983051, 1.54937394383183, 2.09038144185464
            ), stderr = c(0.689527309061722, 0.135934483247718, 
            0.857463056138293, 0.627182870998561), rse = c(37.2733424776935, 
            24.7126984944418, 55.3425504250871, 30.0032739690852
            )), correlation = list(names = character(0), stderr = logical(0), 
            rse = logical(0)), covariate = list(names = character(0), 
            stderr = logical(0), rse = logical(0)), errorParameter = list(
            names = "error_PROP1", values = 0.862518934413832, 
            stderr = 0.0742952471029227, estimated = 1, rse = 8.6137525958678), 
        fixedEffects_transformed = list(names = c("Vc", "Ke", 
        "Kpc", "Kcp"), trans = c("exp(phi)", "exp(phi)", "exp(phi)", 
        "exp(phi)"), invtrans = c("log(psi)", "log(psi)", "log(psi)", 
        "log(psi)"), estimated = c(1, 1, 1, 1), values = c(3.21245919141082, 
        -0.442871250377648, -4.11917235326905, -4.26470653385129
        ), stderr = c(1.20737583316627, 0.258159444242612, 0.688995111633364, 
        1.03208989835189), rse = c(37.5841609566416, 58.2922111160913, 
        16.7265424348308, 24.2007249539829), distribution_info = c("log(psi)", 
        "log(psi)", "log(psi)", "log(psi)")), randomEffectsIOV = list(
            stderr = logical(0), rse = logical(0))), PROJECTINFO = list(
        COMMENT = "BiExp Ke NONMEM version", TOOL = "NONMEM", 
        TOOLVERSION = "NM743", FILE = "project.nmctl", METHOD = c("ITS", 
        "SAEM", "IMP"), DATA = "../../data/biExport.csv", DOSINGTYPES = "BOLUS", 
        TK0NAMES = "NA", COVNAMES = "", CATNAMES = "", REGRESSIONNAMES = "", 
        OUTPUTS = "Cc", ERRORMODELS = "rel", ERRORNAMES = "error_PROP1", 
        PARAMNAMES = c("Vc", "Ke", "Kpc", "Kcp"), PARAMTRANS = c("exp(phi)", 
        "exp(phi)", "exp(phi)", "exp(phi)"), PARAMINVTRANS = c("log(psi)", 
        "log(psi)", "log(psi)", "log(psi)"), COVARIATENAMES = "", 
        COVARIATESUSED = "", BETACOVNAMES = "", BETACOVTRANS = "", 
        BETACATNAMES = "", BETACATREFERENCE = "", BETACATCATEGORIES = "", 
        THETANAMES = c("Vc", "Ke", "Kpc", "Kcp"), THETAESTIMATE = c("1", 
        "1", "1", "1"), ETANAMES = c("omega(Vc)", "omega(Ke)", 
        "omega(Kpc)", "omega(Kcp)"), ETAESTIMATE = c("1", "1", 
        "1", "1"), CORRELATIONNAMES = "", CORRESTIMATE = "", 
        IOVOCCASIONS = "", IOVPARAMETERS = "", IOVETANAMES = "", 
        IOVETAINDICES = "", IOVETANAMESALL = "", IOVETAINDICESALL = "", 
        NROBSERVATIONS = "340", NRPARAM_ESTIMATED = "9", RESIDUAL_NAMES_USED = c("XPRED", 
        "XRES", "XWRES"), RESIDUAL_NAMES_ORIG = c("EPRED", "ERES", 
        "EWRES")), objectivefunction = list(OBJ = -1666.51212832254, 
        AIC = -1648.51212832254, BIC = -1614.05161776405))
