Vc_pop,24.564,-0.17588,0.00025516,0.0082594,0,0,0,0,0
Ke_pop,-0.17588,0.011796,1.0129e-5,-6.1529e-5,0,0,0,0,0
Kpc_pop,0.00025516,1.0129e-5,7.9489e-5,-8.3709e-6,0,0,0,0,0
Kcp_pop,0.0082594,-6.1529e-5,-8.3709e-6,6.2421e-5,0,0,0,0,0
omega_Vc,0,0,0,0,0.089873,-0.0033908,0.00022259,-0.0051316,-0.00064693
omega_Ke,0,0,0,0,-0.0033908,0.0098606,-7.4103e-6,2.436e-5,-9.6457e-5
omega_Kpc,0,0,0,0,0.00022259,-7.4103e-6,0.07237,-0.006206,-0.00029163
omega_Kcp,0,0,0,0,-0.0051316,2.436e-5,-0.006206,0.11351,-0.00037258
b,0,0,0,0,-0.00064693,-9.6457e-5,-0.00029163,-0.00037258,0.0014953
